804.0
1060.571
1037.756
1037.508
1007.111
1006.36
1008.36
985.92
1001.2
975.4
965.24
937.76
965.12
900.76
924.88
926.48
908.96
899.72
950.08
960.2
967.4
975.16
985.36
959.12
969.28
938.68
946.6
940.92
961.2
947.92
962.6
960.12
937.28
894.44
876.4
896.28
888.0
858.84
901.28
926.88
930.2
961.0
991.08
986.2
1019.32
1034.2
1020.68
1044.8
1020.88
962.2
973.32
1039.08
1057.72
1112.56
1126.28
1085.48
1040.8
1034.72
1023.72
1088.96
1110.88
1103.52
1151.92
1151.52
1143.76
1196.84
1235.12
1313.84
1283.24
1290.68
1258.32
1197.84
1029.24
1061.2
1072.36
1104.36
1150.28
1212.6
1250.56
1257.0
1265.84
1293.32
1290.44
1321.28
1272.6
1259.08
1211.88
1234.24
1272.4
1333.0
1278.6
1351.2
1371.08
1301.68
1299.56
1376.08
1356.4
1324.0
1344.32
1316.68
1304.08
1333.2
1336.36
1311.6
1371.72
1368.44
1359.36
1412.2
1427.0
1357.72
1423.32
1334.44
1285.36
1280.76
1367.16
1257.96
1362.8
1398.12
1400.96
1358.12
1427.64
1413.52
1417.52
1455.12
1492.08
1480.16
1485.44
1477.76
1463.52
1433.08
1445.16
1416.56
1436.92
1458.48
1437.88
1435.56
1502.52
1510.84
1432.28
1426.92
1490.56
1453.32
1484.8
1581.36
1588.84
1600.28
1643.16
1610.04
1578.68
1596.48
1547.96
1537.48
1508.8
1509.08
1568.28
1543.0
1542.6
1551.44
1586.96
1532.84
1577.04
1549.04
1576.68
1471.72
1464.64
1518.68
1541.36
1514.48
1605.24
1589.64
1620.96
1555.8
1625.24
1610.92
1722.92
1667.32
1736.48
1730.52
1727.44
1702.64
1701.16
1709.04
1753.08
1844.28
1869.84
1828.44
1793.72
1759.28
1776.44
1712.04
1743.56
1814.12
1868.68
1837.32
1867.44
1819.72
1791.72
1715.6
1660.0
1676.2
1714.0
1718.6
1747.68
1738.16
1696.0
1737.64
1770.6
1706.08
1772.64
1813.72
1715.56
1704.44
1742.16
1744.84
1757.6
1840.28
1820.0
1822.52
1746.08
1696.64
1674.44
1707.8
1698.88
1762.8
1802.24
1813.68
1838.8
1870.56
1837.12
1779.92
1777.08
1772.56
1774.72
1845.84
1911.32
1871.32
1852.2
1822.76
1750.28
1668.52
1664.28
1644.4
1702.16
1709.84
1808.64
1944.76
1961.12
1956.52
1997.2
1930.68
1832.72
1869.04
1831.72
1809.28
1777.48
1836.2
1816.08
1821.12
1838.52
1947.52
1971.64
1989.44
1976.2
1984.12
1941.68
1912.28
1963.96
2044.6
2019.68
2123.44
2038.16
2020.76
1990.96
2028.8
1933.16
1996.88
1929.56
1888.76
1842.24
1870.68
1878.6
1840.4
1835.76
1830.0
1824.64
1796.8
1821.12
1869.08
1839.88
1855.68
1824.16
1825.64
1861.28
1887.96
1912.56
1926.48
2024.92
2033.72
2119.96
2088.72
2209.52
2158.68
2030.52
1981.96
2008.44
1986.96
2029.88
2130.6
2157.08
2106.48
2070.2
1962.4
1910.04
2006.08
2020.16
2003.0
2064.96
2104.92
2004.56
2000.56
2024.84
2055.44
2070.96
2010.24
2033.6
2071.04
2044.2
2071.36
2090.84
2087.56
2068.56
2145.16
2073.28
2099.0
2109.36
2090.6
1957.92
1994.52
2014.44
1968.72
2026.48
2041.84
2036.0
1993.32
2003.88
1980.72
1985.0
1987.52
2029.76
2020.16
2009.08
2026.88
1990.8
2001.68
2066.0
1996.12
2065.76
2089.84
2113.72
2062.2
2117.08
2049.84
2027.64
1925.68
1903.92
1937.12
2001.0
1975.6
2056.52
2079.48
1983.84
1829.2
1913.96
1933.0
1953.24
1925.4
2059.16
1977.32
1895.48
1911.72
2031.32
2066.12
2136.76
2192.36
2160.96
2097.16
2035.04
2043.4
2109.28
2066.24
2043.92
2018.44
1969.52
1891.52
1938.68
1990.84
1985.52
1993.24
1967.8
1968.04
1922.32
1966.0
1965.16
2003.16
1975.64
1994.56
1998.72
1998.8
1958.4
1967.36
1985.4
1972.68
1942.2
1981.44
2002.72
1995.16
2056.92
2071.56
2074.2
2106.44
2112.0
2092.88
2143.08
2154.08
2148.24
2151.36
2084.28
2047.84
1976.12
2013.44
1980.48
2077.12
2036.72
2088.36
2052.6
2043.28
1983.32
2038.88
2062.84
2072.56
2104.04
2105.52
2083.84
2088.6
2167.8
2195.52
2128.08
2203.24
2223.36
2165.48
2152.0
2228.4
2193.6
2137.84
2130.68
2170.8
2091.52
2164.96
2197.4
2285.0
2208.8
2210.08
2180.32
2131.0
1994.56
2106.88
2224.24
2151.24
2200.64
2189.0
2188.2
2129.72
2155.92
2087.44
2061.48
2012.36
1942.44
1853.28
1873.12
1896.56
1848.76
1930.56
2014.28
2010.56
2086.76
2107.04
2008.0
1963.64
1993.56
1935.68
1983.12
2008.88
2053.56
2023.64
2089.76
2131.28
2167.56
2113.4
2156.88
2102.96
