564.0
871.429
919.902
927.738
939.012
960.4
1015.44
1020.32
1028.36
1058.12
1048.72
1013.92
965.44
947.88
895.24
881.12
863.76
936.48
930.72
964.52
1000.68
1000.6
1015.88
1040.96
1008.44
948.88
940.12
907.48
935.0
929.12
984.8
974.8
978.16
929.6
921.76
892.92
880.52
859.32
876.64
879.08
872.04
914.2
964.08
946.2
963.24
971.76
972.08
924.92
989.6
1016.44
1016.04
1037.92
1062.4
1056.2
1054.84
1048.12
1108.96
1140.12
1147.08
1160.84
1231.48
1206.52
1170.52
1184.16
1202.96
1204.84
1149.44
1143.8
1094.16
1067.48
1039.6
1112.12
1159.96
1199.36
1278.48
1301.84
1241.16
1240.72
1258.64
1172.12
1162.84
1238.44
1282.84
1249.12
1284.04
1337.36
1338.44
1306.88
1381.28
1417.96
1389.28
1465.36
1425.56
1410.76
1448.04
1449.08
1335.12
1385.6
1355.96
1266.68
1294.88
1369.16
1389.72
1392.8
1477.72
1497.68
1463.56
1441.2
1473.56
1439.64
1391.92
1400.36
1397.24
1400.28
1476.52
1525.4
1524.88
1558.64
1537.28
1504.76
1520.84
1549.6
1575.4
1672.92
1678.4
1628.76
1618.52
1539.4
1460.76
1433.56
1472.4
1514.04
1558.52
1524.88
1536.52
1518.36
1450.56
1384.44
1414.72
1381.96
1414.64
1480.72
1593.48
1613.04
1695.76
1682.04
1669.2
1614.32
1711.12
1671.28
1695.4
1699.48
1714.24
1677.12
1707.84
1708.36
1726.08
1808.48
1709.08
1704.52
1761.8
1748.52
1693.0
1775.48
1732.92
1669.64
1698.72
1751.64
1728.36
1857.12
1917.72
1900.72
1891.76
1956.2
1865.64
1795.88
1737.2
1700.96
1649.24
1666.96
1682.4
1726.08
1751.56
1756.12
1799.36
1783.4
1808.72
1790.84
1782.88
1835.96
1861.56
1962.56
2020.92
2043.56
1952.68
1952.32
1805.24
1843.4
1864.96
1894.28
1972.36
2017.36
1947.0
1946.52
1916.24
1921.28
1968.4
2048.04
2022.64
2110.44
2073.2
2062.48
1958.96
2001.08
1876.76
1875.84
1855.76
1867.0
1848.56
1932.68
1843.0
1817.36
1788.32
1774.0
1879.6
1882.12
1916.76
2008.64
2031.64
1893.28
1940.24
1877.52
1785.48
1802.36
1895.92
1967.48
2060.0
2198.28
2186.16
2147.88
2138.24
2169.96
2135.92
2148.48
2075.44
2046.04
2027.2
1996.2
1922.6
1982.64
1997.08
2044.32
2073.56
2120.12
2067.68
2063.16
1990.44
1960.88
1944.44
2046.2
2075.64
2057.32
2105.08
2206.32
2196.8
2173.56
2214.0
2156.88
2137.52
2047.64
2026.76
2015.76
2030.72
2014.72
2159.44
2210.92
2212.72
2238.04
2260.4
2271.28
2281.72
2299.2
2292.48
2275.92
2239.92
2226.12
2262.68
2201.4
2223.68
2246.68
2307.96
2208.44
2255.2
2208.84
2169.2
2129.44
2193.24
2193.2
2202.6
2086.16
2034.8
1985.12
1973.28
1958.28
2035.24
2018.24
1987.48
2099.76
2177.52
2173.96
2202.0
2352.88
2258.36
2237.08
2305.72
2247.68
2175.2
2202.68
2153.28
2154.76
2206.56
2238.88
2181.12
2231.08
2188.08
2242.88
2177.72
2164.2
2186.64
2204.84
2258.24
2270.12
2221.84
2235.0
2192.52
2179.32
2245.56
2309.08
2213.2
2246.96
2176.8
2130.96
2190.04
2204.0
2262.72
2247.12
2238.76
2185.8
2213.0
2084.36
2195.0
2204.28
2267.2
2276.96
2334.08
2234.88
2212.96
2173.76
2198.92
2198.48
2169.48
2154.16
2111.8
2104.44
2161.24
2190.08
2191.96
2275.88
2246.44
2202.88
2265.0
2272.76
2203.6
2254.16
2217.88
2220.36
2214.4
2266.56
2235.24
2323.0
2267.8
2258.24
2248.56
2272.0
2148.6
2125.44
2250.8
2291.04
2304.88
2392.72
2378.64
2384.24
2238.92
2124.24
2044.52
2126.52
2039.64
2168.08
2250.32
2266.32
2157.96
2221.48
2248.2
2288.32
2382.84
2576.4
2560.48
2495.64
2461.96
2405.48
2335.0
2275.56
2249.16
2269.8
2303.4
2286.44
2201.72
2385.72
2364.72
2218.48
2142.68
2175.88
2053.92
2045.72
2171.92
2210.72
2287.4
2291.64
2277.2
2250.16
2240.2
2238.96
2268.8
2266.6
2271.24
2299.16
2246.12
2211.6
2299.52
2286.76
2320.8
2418.88
2457.04
2348.32
2424.12
2359.0
2337.64
2221.32
2241.24
2127.8
2071.24
2061.44
2196.48
2121.4
2246.32
2384.96
2372.76
2303.92
2465.92
2357.8
2338.92
2373.24
2373.44
2358.2
2448.2
2422.4
2397.16
2418.32
2290.48
2259.72
2246.96
2214.28
2242.68
2255.32
2155.28
2208.88
2197.4
2195.92
2289.32
2410.32
2333.04
2419.2
2334.64
2375.8
2319.92
2386.84
2376.6
2432.0
2363.16
2396.0
2379.36
2396.56
2425.76
2332.84
2254.6
2222.04
2161.28
2116.68
2184.04
2259.44
