2228.0
1024.952
1027.415
1013.443
985.037
962.24
1007.04
1029.16
1016.48
1027.96
1046.88
994.76
984.04
1004.0
1032.16
1012.56
1014.0
955.4
940.92
879.4
867.16
866.44
874.88
860.48
867.6
872.2
904.6
900.8
909.4
926.76
952.64
916.68
941.64
942.64
953.84
914.92
897.84
915.76
957.64
959.48
992.56
1008.24
1041.72
1036.8
1013.52
1038.68
1107.0
1082.08
1101.72
1146.28
1205.16
1193.84
1242.28
1274.32
1351.88
1326.8
1383.88
1459.56
1452.92
1465.92
1513.2
1545.36
1539.88
1606.32
1630.12
1684.36
1647.72
1665.8
1599.08
1610.92
1610.96
1687.4
1701.04
1831.2
1868.32
1893.6
1908.32
1877.0
1822.36
1838.6
1778.04
1745.08
1807.52
1861.56
1880.16
1909.4
1996.84
2013.88
2031.4
2056.76
2203.52
2205.88
2185.0
2221.92
2205.84
2151.44
2244.84
2282.28
2253.72
2299.56
2366.96
2273.6
2261.84
2332.76
2445.04
2345.88
2350.6
2365.84
2349.76
2402.24
2470.2
2457.44
2481.2
2459.04
2286.36
2370.08
2496.68
2565.52
2642.88
2708.8
2636.04
2642.68
2691.6
2779.88
2703.88
2777.68
2796.68
2737.76
2696.8
2767.92
2760.92
2779.6
2867.84
2938.92
2959.88
2847.24
2807.92
2870.84
2794.4
2837.8
3047.84
3081.16
2978.24
3035.76
3043.16
3090.76
3087.8
3216.56
3199.32
3283.92
3199.56
3216.0
3122.44
3185.8
3206.92
3396.16
3455.0
3608.16
3562.12
3531.88
3460.36
3410.84
3298.68
3261.88
3238.76
3234.88
3297.44
3312.52
3339.4
3414.16
3537.92
3608.96
3669.44
3818.48
3915.8
3852.48
3804.8
3802.32
3871.0
3752.72
3748.32
3937.48
4020.56
3883.28
3863.4
3854.24
3764.08
3763.88
3849.6
3980.72
4040.08
4125.4
4037.56
4172.88
4174.04
4165.96
4131.28
4378.16
4399.32
4564.44
4512.88
4247.96
4173.6
4035.48
4040.56
4064.88
4411.48
4499.88
4662.72
4469.48
4541.8
4368.52
4206.76
4113.12
4158.8
4226.16
4381.4
4627.4
4683.96
4871.28
4799.32
4662.64
4497.32
4440.6
4275.16
4212.32
4364.52
4396.0
4406.6
4380.92
4451.88
4571.36
4626.16
4690.76
4680.2
4597.08
4419.08
4280.24
4330.0
4494.4
4553.48
4817.0
4880.6
4805.4
4664.36
4787.44
4440.36
4488.04
4256.48
4469.32
4262.4
4504.68
4535.12
4622.28
4655.84
4771.6
4697.4
4723.0
4893.12
4731.92
4823.4
4803.72
4841.6
4866.84
4924.0
4917.64
4920.6
4744.04
4615.88
4482.4
4442.8
4637.4
4700.72
4736.12
4755.12
4755.32
4491.36
4719.2
4815.44
4909.08
4972.28
5068.32
4915.52
4793.8
4957.76
5126.32
5093.76
5061.08
5215.04
5031.0
4777.8
4810.04
4759.72
4745.12
4839.64
4677.4
4699.36
4740.32
4543.04
4430.76
4634.32
4752.08
4752.4
4896.68
4947.28
5017.4
4897.96
4829.76
4706.88
4857.44
4750.32
4723.48
4712.92
4787.84
4855.84
4975.8
5043.8
5178.68
5326.0
5018.36
4914.72
4908.84
4752.36
4635.56
4618.24
4815.76
4820.84
4842.08
4950.48
4800.76
4373.24
4314.28
4352.48
4407.16
4804.52
5056.2
5033.4
5117.6
4877.0
4598.88
4463.0
4472.52
4430.0
4472.04
4591.08
4812.92
4695.92
4764.84
4777.88
4813.64
4721.52
4959.88
4854.24
4865.8
4835.56
4868.32
4705.28
4827.4
4683.48
4709.4
4816.52
4944.68
4852.6
5054.6
5115.48
5041.44
4906.84
4946.56
4850.2
4862.52
4908.28
5270.76
5112.12
5142.36
4922.24
5128.36
4992.08
5191.36
5468.56
5432.16
5131.68
5010.12
4919.52
4800.48
5041.24
5036.28
4920.6
4976.0
4907.72
4860.52
4942.28
5045.96
5222.0
5110.28
5111.0
5344.44
5244.68
4958.28
5000.88
5005.68
4816.4
4991.84
5073.56
5107.96
5054.16
4897.16
4946.88
5108.24
5290.96
5411.16
5557.36
5481.4
5557.32
5234.12
5171.44
5055.36
4963.0
4852.44
4935.96
4892.04
4993.52
5020.32
4979.56
4951.88
5071.32
5058.6
4974.4
4990.24
5028.08
4760.84
4664.08
4962.04
4903.0
5056.36
5274.92
5204.52
4991.88
5021.52
4966.84
4919.72
5088.44
5074.24
5158.44
5115.68
5166.32
5005.16
5112.0
4989.52
5256.36
5104.88
5453.36
5301.84
5419.36
5232.36
5539.6
5223.16
5271.56
5082.24
5011.6
4835.24
5018.36
5146.8
5336.44
5283.4
5242.72
5179.0
5120.04
4900.44
5004.08
5200.8
5173.0
5131.56
5244.96
5071.6
4862.52
4815.24
4816.88
4995.24
5135.4
4983.16
5100.28
4961.92
4837.08
4912.4
5035.16
4974.6
5186.44
5261.8
5255.0
5239.8
5211.96
5088.12
4932.56
4877.8
5017.48
4894.92
5037.48
5165.24
5226.56
5260.64
