848.0
995.238
1067.61
1059.279
1048.889
1047.88
1053.24
1029.52
992.6
1040.0
1038.96
1033.92
1023.24
1063.92
1028.16
1000.08
995.4
1002.44
986.72
964.2
981.96
1036.44
1037.6
1048.44
1068.04
1055.84
1031.4
1051.76
1055.64
1070.24
1090.64
1041.4
1072.28
1069.24
1070.92
1077.08
1140.32
1092.4
1063.8
1072.28
1093.48
1092.88
1179.84
1255.2
1250.56
1339.92
1388.16
1468.2
1564.6
1652.24
1653.96
1760.64
1734.8
1751.24
1795.24
1827.08
1831.08
1938.08
1986.4
1968.32
2012.36
2001.08
1946.0
1982.56
2085.16
2140.8
2260.0
2283.2
2271.08
2221.08
2270.12
2212.32
2258.08
2283.48
2304.24
2241.92
2290.28
2289.68
2333.44
2382.2
2388.44
2353.24
2380.08
2381.92
2460.52
2487.2
2506.16
2450.56
2542.92
2487.96
2532.28
2485.08
2587.92
2457.84
2398.68
2484.52
2524.32
2492.84
2589.48
2755.96
2656.36
2746.48
2744.52
2672.56
2646.0
2725.84
2693.72
2738.4
2823.2
2864.12
2863.0
2970.04
3037.72
3097.24
3088.88
3156.0
3001.92
2990.4
3014.32
2956.48
2910.96
3022.36
3019.8
3026.0
3070.44
3052.6
3212.64
3293.64
3307.8
3423.2
3472.68
3388.84
3540.52
3641.96
3617.4
3863.56
3783.28
3636.28
3690.16
3924.92
3792.8
3948.52
3923.76
3911.12
3636.32
3604.12
3620.2
3731.96
3669.92
3836.8
3838.6
3850.8
3800.4
3921.6
4057.52
4211.36
4315.92
4413.44
4350.52
4375.84
4388.76
4545.72
4494.44
4440.8
4270.96
4242.84
4093.96
4259.24
4457.4
4623.92
4663.56
4605.76
4537.04
4391.2
4309.4
4284.24
4223.36
4305.04
4446.36
4454.72
4494.28
4619.84
4653.68
4552.12
4446.36
4351.72
4334.52
4296.8
4413.32
4506.92
4589.36
4610.32
4651.96
4642.24
4675.2
4807.28
4824.4
4734.6
4573.48
4630.84
4581.72
4550.96
4671.44
4898.48
4887.4
4663.16
4815.08
4754.32
4550.24
4570.36
4654.44
4472.2
4260.0
4266.04
4310.2
4517.72
4590.24
4646.04
4851.92
4808.0
5099.8
5059.84
5301.52
5287.36
5304.36
4906.56
5058.92
5078.16
5197.68
5130.16
5345.16
5376.48
5217.88
5062.4
5267.12
5136.88
5263.4
5282.28
5241.72
5293.44
5486.0
5284.64
5538.96
5603.84
5393.08
5241.36
5383.92
5361.08
5478.36
5558.4
5793.44
5466.04
5541.28
5284.16
5361.52
5296.16
5658.92
5496.8
5810.2
5930.52
5612.52
5661.36
5794.28
5856.44
5633.56
5920.08
5798.96
5553.08
5610.36
5691.4
5670.32
5666.64
5981.72
5800.0
6002.28
5979.04
5775.4
5605.08
5707.72
5282.72
5385.68
5669.36
5770.24
5584.96
5863.24
5700.44
5688.64
5715.36
5734.84
5600.28
5515.84
5311.24
5189.56
5287.2
5404.08
5777.92
5941.56
5893.84
5877.76
5844.96
5735.08
5930.76
5901.72
5949.76
5994.04
6015.2
5747.92
5711.8
5502.76
5430.68
5050.72
5081.88
5189.48
5255.56
5303.08
5405.72
5574.16
5705.08
5728.44
5861.48
5628.64
5497.64
5255.0
5385.08
5109.04
5342.68
5098.0
5138.2
4848.4
4905.4
4970.08
5339.56
5309.88
5164.96
5233.64
5157.44
5064.92
4962.92
5167.32
5133.52
5179.4
4922.4
5011.6
4965.2
4756.32
4564.16
4591.08
4490.12
4326.8
4164.24
4060.4
3852.64
3924.36
3971.16
4180.32
4256.32
4426.68
4256.6
4161.76
3997.2
4158.36
4124.68
4174.2
4204.84
4474.44
4357.16
4275.92
4440.28
4554.92
4403.56
4393.36
4548.6
4619.6
4718.28
4590.84
