1216.0
1065.905
980.293
1052.131
1061.086
1035.64
1033.76
1088.8
1077.52
1060.16
1102.92
1077.52
1081.44
1085.04
1105.72
1057.64
1088.68
1074.12
1036.28
1050.52
1094.68
1072.36
1073.88
1071.2
1087.92
1074.92
1088.12
1072.84
1156.68
1094.24
1112.84
1125.6
1139.64
1095.92
1133.28
1116.84
1131.64
1139.92
1122.8
1119.44
1175.2
1257.32
1269.44
1341.04
1417.88
1394.12
1347.84
1411.36
1368.36
1390.28
1451.52
1505.28
1497.48
1565.84
1554.48
1634.16
1688.96
1705.88
1712.64
1759.2
1654.4
1613.64
1614.2
1665.28
1618.16
1664.56
1732.36
1836.04
1852.92
1937.32
2037.32
2020.8
1990.36
1984.76
1982.44
1950.72
2005.84
2095.44
2199.68
2263.16
2331.0
2350.28
2325.36
2228.52
2278.2
2296.04
2298.92
2379.4
2448.68
2335.04
2336.48
2275.12
2281.72
2276.92
2323.64
2392.76
2481.72
2372.24
2471.6
2537.04
2638.28
2694.4
2810.88
2779.6
2850.2
2809.64
2786.92
2768.16
2824.28
2761.88
2715.08
2803.44
2826.72
2793.2
2814.12
2802.08
2875.44
2913.96
3012.52
3115.88
3184.12
3197.08
3367.76
3327.8
3372.32
3410.8
3360.36
3211.92
3192.36
3169.04
3159.48
3094.44
3161.04
3226.88
3252.92
3315.2
3234.12
3263.28
3202.24
3281.8
3270.64
3434.24
3538.44
3556.08
3407.12
3441.6
3603.48
3567.0
3637.88
3798.8
3800.76
3704.04
3762.68
4010.28
4051.68
4062.12
4247.52
4281.96
4154.4
4180.32
4231.32
4113.32
4147.56
4286.56
4282.92
4301.4
4289.6
4218.12
4193.48
4352.28
4247.32
4319.6
4399.04
4464.56
4459.28
4568.6
4650.84
4599.32
4540.56
4447.76
4691.4
4764.48
4885.24
4896.08
5031.44
4871.96
4753.32
4654.44
4588.84
4692.2
4855.76
4808.72
4720.88
4759.44
4589.56
4328.72
4369.44
4626.12
4519.32
4581.56
4596.84
4576.76
4501.44
4675.8
4550.4
4720.04
4870.24
5008.08
5052.6
5219.0
5157.56
5184.2
5055.08
5061.76
5074.12
5167.44
5097.04
5122.96
5049.96
4884.32
4919.48
4962.0
5056.36
5184.88
5344.8
5247.36
5051.52
4754.12
4646.32
4641.96
4715.16
4998.56
5313.44
5372.52
5201.92
5226.36
5212.48
5074.8
4924.36
5171.12
5105.64
4943.08
4968.8
4987.6
4786.2
4909.92
4797.2
4728.52
4874.92
4930.72
4904.64
5255.84
5347.84
5319.84
5454.56
5295.56
5165.24
5176.2
5314.04
5088.12
5031.48
4947.08
4961.48
4829.6
4983.52
5102.56
5334.56
5334.52
5358.92
5266.92
5411.56
5159.96
5002.92
5195.04
5363.68
5235.4
5273.12
5441.56
5223.36
5056.04
5127.44
5154.72
5266.96
5494.68
5523.96
5534.08
5745.12
5501.52
5497.16
5499.96
5393.48
5213.92
5179.04
5052.08
5288.84
5267.28
5355.0
5490.84
5416.32
5234.36
5272.76
5116.88
5104.6
5116.28
5337.44
5422.28
5722.52
5948.72
6060.76
5738.48
5696.16
5507.44
5427.8
5373.28
5395.32
5534.8
5601.0
5489.04
5498.96
5499.28
5490.52
5338.12
5301.88
5448.76
5434.04
5406.8
5549.48
5704.8
5478.2
5637.64
5616.0
5501.8
5447.08
5314.68
5470.36
5424.52
5498.68
5618.16
5689.84
5576.12
5507.0
5323.76
5216.4
5647.72
5675.28
5652.8
5656.36
5658.08
5280.12
5010.56
5108.56
5329.76
5344.64
5538.84
5675.6
5751.48
5643.6
5579.8
5399.6
5304.32
5367.92
5423.48
5273.28
5283.44
5532.84
5419.8
5390.96
5805.6
6061.92
5836.2
5866.0
5980.16
5797.92
5727.36
5698.92
5671.36
5563.16
5532.24
5161.96
5180.8
5234.36
5460.4
5270.48
5501.68
5602.32
5514.64
5401.2
5700.0
5547.88
5591.4
5627.72
5548.72
5393.12
5573.84
5612.28
5623.52
5908.48
5777.0
5722.92
5665.16
5583.32
5263.12
5177.4
5146.76
5426.44
5497.32
5383.84
5547.04
5460.48
5226.92
5330.56
5653.96
5849.68
6032.88
5848.72
5887.6
5673.44
5457.28
5476.64
5640.44
5437.04
5461.64
5770.92
5787.68
5626.64
5813.96
5836.48
5734.12
5771.68
5946.04
5674.36
5563.64
5480.28
5455.04
5628.36
5753.04
5819.52
5955.72
5880.6
5604.52
5653.44
5480.36
5367.24
5464.2
5519.8
5440.96
5628.32
5519.04
5350.44
5238.36
5458.24
5594.36
5677.28
5593.8
5834.52
5818.88
5646.6
5788.92
5956.48
5880.8
5574.76
5789.24
5612.16
5558.8
5340.56
5441.68
5417.12
5695.08
6078.24
6121.12
6282.76
6192.04
5827.96
5587.32
5778.28
5599.28
5701.84
5828.24
5693.08
5528.64
5608.04
5499.32
5681.84
5810.0
5940.96
5803.76
5790.2
5752.16
5841.12
5769.6
5888.92
6008.92
5907.44
5683.56
5996.76
6119.96
6056.52
6033.08
6167.16
6018.08
5772.52
5651.68
5651.0
5537.92
5252.88
5389.24
5700.56
5487.56
5683.08
5835.96
5810.36
5680.48
6049.68
6148.16
6267.04
6157.36
6100.0
6084.72
5892.48
5768.84
5960.04
5843.56
5794.64
5607.36
5636.96
5660.04
