792.0
929.524
976.195
893.311
955.259
950.32
956.96
946.28
954.56
930.92
933.12
925.08
852.48
862.6
849.68
837.6
859.52
946.52
924.28
930.52
933.96
906.24
881.12
989.28
985.6
1026.44
1078.76
1084.04
1041.44
1062.44
1046.12
977.16
961.84
953.04
935.56
930.96
956.04
947.04
917.4
916.6
944.96
926.84
932.12
975.72
992.84
916.48
941.0
939.44
933.0
891.88
924.88
911.64
915.32
923.92
987.8
1021.44
1027.84
1029.6
1012.4
1008.6
1001.68
1013.8
1004.68
1001.56
967.24
941.36
913.96
947.48
933.84
910.96
903.2
873.8
880.6
855.88
880.04
935.36
951.6
960.24
1029.2
1002.8
959.0
989.08
1001.72
983.6
1017.6
1043.12
1038.04
995.36
988.92
1032.08
1034.6
1054.84
1088.4
1104.2
1095.28
1093.2
1109.2
1090.16
1070.12
1033.36
1048.16
1004.12
1021.12
1001.68
1000.6
977.12
1042.68
1021.12
1081.24
1090.32
1094.6
1035.2
1102.96
1059.2
1051.04
1038.48
1045.96
976.92
976.76
996.6
1010.64
1058.48
1099.96
1139.4
1153.72
1167.52
1185.2
1143.48
1078.6
1023.6
997.32
957.0
957.0
1012.56
1022.2
1033.08
1010.32
1018.4
1042.44
1099.64
1130.16
1144.76
1153.44
1132.4
1102.0
1107.36
1132.2
1155.68
1138.4
1139.6
1157.92
1147.68
1119.0
1178.56
1222.16
1181.84
1141.64
1169.6
1146.2
1113.08
1154.68
1279.28
1293.92
1294.08
1306.24
1294.6
1196.84
1210.48
1246.76
1254.36
1228.08
1235.0
1184.88
1112.68
1081.64
1036.96
1065.08
1080.0
1131.96
1131.76
1219.56
1231.52
1280.04
1230.88
1280.28
1310.84
1318.12
1296.16
1334.6
1377.36
1390.0
1320.56
1295.64
1244.96
1181.72
1100.52
1148.2
1220.84
1335.52
1350.04
1338.36
1348.8
1351.12
1307.44
1318.64
1310.2
1301.8
1280.04
1254.48
1288.6
1303.92
1316.68
1266.36
1247.28
1191.16
1246.0
1254.92
1285.2
1300.44
1298.72
1255.44
1247.16
1290.24
1295.04
1267.64
1294.84
1308.0
1252.68
1287.16
1322.24
1350.88
1354.88
1338.12
1338.68
1324.2
1336.08
1294.04
1340.76
1349.52
1382.16
1343.36
1368.8
1397.68
1356.96
1354.36
1308.4
1292.52
1200.6
1211.56
1241.52
1253.28
1295.28
1317.96
1318.92
1353.36
1420.44
1426.08
1432.24
1441.64
1375.56
1338.4
1336.92
1409.96
1398.6
1431.12
1454.16
1450.4
1419.56
1420.56
1412.48
1434.96
1431.68
1476.04
1549.52
1492.48
1470.28
1511.72
1472.56
1383.56
1425.2
1348.6
1307.0
1324.0
1323.68
1335.12
1413.8
1403.12
1348.44
1416.8
1404.64
1414.72
1426.76
1457.28
1415.48
1480.72
1438.28
1457.12
1417.32
1422.12
1370.56
1418.8
1389.28
1421.36
1443.04
1430.08
1377.32
1385.04
1396.64
1398.08
1371.32
1375.08
1353.52
1332.76
1297.84
1326.08
1316.36
1331.12
1383.2
1342.6
1320.56
1352.08
1366.4
1296.16
1368.6
1376.64
1345.92
1311.32
1316.64
1319.48
1274.16
1287.24
1317.64
1363.08
1458.52
1511.76
1520.16
1532.04
1531.76
1408.48
1425.96
1440.24
1399.88
1394.56
1442.92
1457.32
1456.4
1497.68
1466.96
1437.36
1415.76
1430.24
1414.32
1461.48
1443.8
1475.0
1461.28
1452.84
1469.0
1503.92
1428.64
1465.0
1522.72
1439.36
1388.92
1424.16
1331.32
1311.56
1357.56
1424.36
1426.44
1450.24
1451.16
1476.12
1404.12
1451.56
1470.6
1465.08
1388.68
1436.56
1391.32
1399.96
1387.92
1398.32
1346.12
1354.0
1409.28
1412.92
1482.08
1526.84
1587.92
1666.12
1593.36
1531.96
1478.8
1434.4
1273.52
1330.12
1333.52
1388.48
1374.2
1363.6
1352.12
1429.4
1428.56
1465.36
1517.04
1538.16
1525.36
1523.76
1480.4
1542.84
1515.0
1456.88
1478.2
1505.88
1412.72
1411.36
1446.96
1416.56
1410.72
1439.96
1461.0
1427.44
1389.76
1397.64
1357.4
1326.76
1339.6
1365.2
1369.16
1429.56
1464.32
1485.16
1445.96
1395.4
1381.64
1405.96
1394.68
1454.4
1480.84
1458.12
1443.88
1449.68
1444.24
1454.96
1440.8
1443.96
1415.68
1404.48
1386.32
1459.6
1465.04
1511.76
1557.2
1560.96
1519.4
1548.0
1537.48
1514.2
1525.08
1507.24
1434.16
1410.88
1372.2
1340.92
1384.8
1403.68
1456.08
1491.4
1507.52
1504.6
1491.84
1487.96
1470.04
1469.16
1488.92
1536.44
1498.4
1487.08
1520.92
1492.4
1475.28
1473.08
1567.92
1563.2
1586.52
1576.6
1562.8
1512.6
1486.52
1403.76
1367.36
1361.04
1410.12
1429.52
1468.32
1492.56
1508.92
1428.6
1371.0
