156.0
884.571
951.122
971.279
996.543
988.24
1032.24
1048.24
1087.12
1072.6
1110.88
1129.8
1094.8
1071.64
1079.68
1110.8
1043.04
1064.08
1054.92
1050.4
1016.36
1036.52
1055.68
1039.36
1042.28
1040.76
1059.76
1017.0
1090.68
1064.72
1061.84
1111.2
1154.12
1087.08
1106.24
1132.44
1051.8
1067.6
1108.08
1102.32
1066.36
1129.24
1103.68
1055.32
1021.24
1014.24
978.96
989.2
1006.2
1076.84
1094.64
1086.04
1084.28
1103.56
1099.0
1125.04
1159.56
1168.96
1189.28
1228.72
1241.48
1226.04
1218.76
1169.28
1130.84
1107.2
1072.24
1092.08
1127.8
1134.68
1135.68
1164.92
1131.4
1146.2
1139.88
1109.64
1099.76
1092.88
1048.08
1041.16
1054.04
1096.52
1111.08
1152.68
1192.64
1223.68
1188.88
1204.88
1199.88
1168.32
1177.36
1185.52
1165.76
1157.0
1180.72
1175.48
1187.72
1222.28
1193.28
1178.76
1151.52
1160.52
1116.68
1190.88
1197.0
1226.4
1213.84
1213.52
1138.16
1119.28
1062.68
1077.52
1139.8
1153.12
1181.32
1264.08
1260.4
1234.32
1294.72
1277.92
1271.56
1272.04
1256.32
1220.8
1226.28
1255.76
1287.2
1264.12
1266.56
1261.12
1217.8
1195.2
1271.96
1271.8
1338.12
1355.68
1366.32
1331.84
1333.92
1257.12
1252.36
1283.64
1327.56
1387.0
1425.68
1424.8
1392.68
1355.24
1301.68
1302.56
1326.44
1337.64
1346.52
1412.84
1441.08
1429.12
1431.68
1412.84
1380.4
1367.88
1373.8
1354.52
1371.84
1327.2
1313.6
1268.32
1284.24
1281.36
1356.56
1330.32
1356.88
1373.12
1406.52
1361.68
1339.2
1324.96
1338.52
1330.44
1339.28
1378.76
1384.88
1336.12
1399.28
1402.96
1429.52
1427.04
1434.84
1358.08
1324.44
1316.68
1379.48
1416.84
1416.2
1448.64
1467.88
1369.2
1363.08
1371.6
1354.84
1308.08
1363.16
1317.52
1305.36
1316.64
1344.16
