912.0
1096.571
1060.683
1000.197
990.765
968.0
977.44
991.92
963.4
938.88
982.04
901.8
874.2
945.16
964.0
945.12
981.8
981.32
947.64
898.32
894.4
873.44
862.52
838.24
879.52
894.68
907.8
895.68
955.32
956.16
924.92
933.16
921.48
896.28
894.4
940.0
949.6
1030.6
1015.52
1019.36
953.76
957.32
892.96
910.8
920.08
917.24
891.72
905.08
903.96
948.96
1009.96
1082.32
1154.84
1233.52
1325.4
1400.72
1487.2
1537.12
1591.72
1580.32
1563.92
1646.96
1668.64
1725.84
1757.84
1787.6
1719.08
1685.48
1676.36
1695.68
1803.32
1819.12
1910.2
1939.12
1949.48
1889.92
1897.8
1924.84
1833.88
1888.08
1911.4
1844.4
1850.8
1890.0
1872.68
1838.8
1912.8
1977.4
1989.6
2008.8
2056.68
2098.16
1992.92
2051.76
2027.92
1987.8
2011.56
2126.72
2144.24
2197.2
2227.64
2248.12
2235.8
2237.16
2143.96
2277.24
2231.36
2235.16
2358.76
2528.24
2565.68
2598.96
2577.36
2486.88
2433.12
2349.6
2408.44
2526.4
2594.48
2554.76
2562.76
2603.84
2530.8
2514.76
2511.8
2516.2
2526.76
2587.56
2599.76
2682.52
2731.92
2805.48
2873.0
2884.6
2810.44
2768.08
2820.88
2775.72
2780.44
2899.2
3000.28
2883.28
2763.32
2796.24
2840.6
2862.16
2908.44
3087.68
3104.16
3138.16
3242.72
3105.92
3015.84
3033.44
2985.56
2873.68
3050.92
3140.08
3315.0
3264.24
3235.32
3259.68
3273.36
3126.92
3271.68
3465.24
3357.72
3401.48
3402.64
3457.72
3356.16
3444.04
3538.8
3561.92
3475.04
3495.76
3584.84
3477.48
3494.72
3545.64
3541.52
3538.2
3620.84
3635.16
3552.64
3723.56
3661.12
3839.12
3920.84
4192.12
4085.04
4162.64
3956.16
4030.88
3913.56
4076.2
4146.84
4453.04
4352.08
4419.64
4288.36
4342.36
3963.4
3944.24
3925.68
4125.68
4143.36
4361.2
4389.16
4415.36
4174.96
3952.88
3854.52
3943.72
4120.84
4261.36
4488.48
4609.12
4494.2
4352.2
4365.44
4215.92
4185.16
4275.52
4232.16
4374.64
4492.0
4599.48
4656.2
4530.44
4260.84
4287.12
4131.56
4155.84
4322.72
4444.76
4345.16
4376.44
4363.08
4500.32
4639.92
4691.56
4743.12
4788.76
4741.92
4681.84
4829.88
4828.68
4668.2
4545.44
4585.76
4513.6
4397.4
4594.76
4698.0
4541.52
4529.44
4696.2
4644.24
4593.36
4641.96
4647.28
4648.48
4634.08
4645.64
4817.96
4794.36
4617.24
4524.52
4559.2
4482.12
4544.32
4852.28
4945.68
4809.88
4695.96
4525.96
4234.76
4208.2
4166.12
4124.4
4261.16
4433.84
4452.36
4483.52
4732.76
4723.56
4624.08
4617.56
4759.96
4605.64
4554.32
4661.56
4602.4
4452.28
4398.4
4428.6
4384.08
4330.6
4389.36
4400.2
4640.92
4749.0
4836.16
4962.0
4989.72
4904.56
4658.84
4602.0
4708.12
4721.56
4610.16
4553.76
4625.16
4690.88
4426.36
4567.76
4578.84
4499.84
4040.64
4388.92
4192.36
4460.52
4665.44
4858.32
4740.12
4783.56
4635.84
4643.96
4630.44
4615.56
4483.16
4321.52
4326.04
4476.0
4486.04
4634.16
4781.52
4721.16
4649.72
4673.64
4601.48
4930.44
4948.48
4971.52
4943.76
4992.88
4699.24
4555.72
4462.56
4598.2
4551.04
4469.88
4568.0
4641.96
4535.96
4561.32
4572.08
4463.04
4375.48
4380.64
4421.2
4618.8
4465.28
4405.76
4511.36
4549.48
4560.84
4672.36
4800.84
4871.72
4842.08
4662.88
4971.64
5069.04
4943.12
4991.96
5067.6
4807.84
4739.16
4778.52
4788.24
4858.8
4921.68
4875.24
4939.68
4863.68
4743.68
4778.32
4853.44
4750.36
4827.8
4825.96
4769.92
4709.64
4631.28
4498.76
4486.36
4562.68
4675.16
4749.72
4785.2
4937.4
4959.44
4874.52
4818.56
4851.08
4918.24
4897.0
4757.12
4730.32
4742.92
4563.24
4729.32
4676.68
4945.56
5090.36
5110.56
5058.64
5155.56
4895.72
4748.6
4728.52
4473.44
4525.6
4609.4
4570.76
4559.04
4673.76
4803.2
4718.56
4735.64
4841.28
4840.28
4739.64
4825.12
4890.4
4826.48
4964.28
5001.56
5042.08
5159.4
5270.72
5170.12
5102.84
5095.88
4832.2
4805.0
4650.64
4753.44
4633.08
4801.56
4583.4
4731.36
4885.64
4997.16
4975.6
5218.48
5194.44
4979.08
4943.64
4963.24
4740.76
4772.28
4762.72
4739.84
4648.6
4879.48
4987.56
4912.08
4922.36
4910.16
4711.04
4625.64
4833.88
4745.8
4881.52
4961.44
4880.36
4830.08
4848.28
4758.16
4745.32
4680.56
4527.24
4475.4
4544.56
4715.48
5081.76
5049.08
5247.2
5135.48
4868.48
4711.92
4719.32
4690.32
4849.44
5116.72
5134.6
5353.6
